#BVGraph properties
#Mon Sep 26 13:31:20 CEST 2011
compratio=0.535
bitsforblocks=114307563
residualarcs=147850872
version=0
zetak=3
residualexpstats=10030930,8651992,8192996,6920804,5485806,5377159,6571372,8531130,10505735,12010403,12557720,12272618,11155195,9421153,7186389,5069514,3307269,1950807,1070554,584829,407500,434224,154773
avgref=1.723
residualavggap=35531.003
avgbitsforoutdegrees=10.29
windowsize=7
bitsforintervals=104725002
copiedarcs=77952740
avgbitsforblocks=45.867
bitsperlink=8.56
bitsforresiduals=1973836069
bitsforreferences=7444964
avgdist=1.99
successoravgloggap=7.088124430675957
avgbitsforreferences=2.987
successoravggap=38307.373
maxrefcount=3
successorexpstats=75924805,14551929,11218714,8723055,6897420,6617757,7979248,10220250,12520214,14415768,15343691,15397001,14518984,12930911,10511469,8027581,5641361,3513268,1990626,1067573,752325,984234,289782
nodes=2492150
compressionflags=
intervalisedarcs=34234354
bitspernode=893.188
arcs=260037966
bitsforoutdegrees=25645016
avgbitsforintervals=42.022
minintervallength=4
graphclass=it.unimi.dsi.webgraph.BVGraph
avgbitsforresiduals=792.021
residualavgloggap=8.866441193543935
